Pomyslnie otwarlem plik z danymi.
0;43.68;87.36;131.04;174.72;218.4;262.08;305.76;349.44;393.12;436.8;480.48;524.16;567.84;611.52;655.2;698.88;742.56;786.24;829.92;873.6;917.28;960.96;100.467;100.552;100.781;101.259;102.19;103.975;107.407;114.039;126.935;
101.962;102.226;102.905;104.208;106.463;110.193;116.149;125.252;138.199;
104.682;105.152;106.319;108.428;111.787;116.801;123.915;133.476;145.49;
108.455;109.098;110.655;113.354;117.416;123.087;130.571;139.932;150.992;
112.951;113.71;115.518;118.564;122.981;128.887;136.337;145.268;155.457;
117.843;118.663;120.596;123.794;128.32;134.204;141.416;149.838;159.24;
122.874;123.714;125.68;128.893;133.368;139.081;145.955;153.847;162.536;
127.868;128.7;130.637;133.777;138.105;143.565;150.056;157.424;165.463;
132.713;133.519;135.388;138.404;142.532;147.698;153.79;160.655;168.099;
137.344;138.113;139.894;142.757;146.657;151.514;157.21;163.596;170.493;
141.727;142.454;144.136;146.833;150.497;155.042;160.354;166.29;172.682;
145.848;146.531;148.11;150.639;154.066;158.308;163.254;168.767;174.693;
149.706;150.345;151.822;154.184;157.382;161.333;165.932;171.051;176.546;
153.307;153.903;155.281;157.483;160.461;164.136;168.409;173.161;178.257;
156.661;157.217;158.5;160.549;163.319;166.735;170.703;175.113;179.839;
159.782;160.299;161.492;163.397;165.971;169.144;172.828;176.919;181.303;
162.682;163.163;164.271;166.042;168.432;171.378;174.797;178.593;182.659;
165.376;165.823;166.852;168.496;170.715;173.45;176.623;180.145;183.916;
167.878;168.292;169.248;170.774;172.834;175.372;178.316;181.583;185.082;
170.2;170.584;171.472;172.888;174.799;177.154;179.886;182.917;186.162;
172.355;172.712;173.535;174.849;176.623;178.807;181.342;184.153;187.164;
174.354;174.685;175.449;176.669;178.314;180.341;182.692;185.301;188.093;
176.209;176.517;177.225;178.357;179.883;181.764;183.945;186.364;188.955;
